mapa->
4,4;
-4,4;
-4,-4;
4,-4;

auto->
2,85595,-0.76142;
-2.82447,-0.76142;
-2.82447,-0.67703;
2,85595,-0.67703;

1.31326<->-1.2796=2,59286
2.67945<->-2.77575=5,4552

edificios->

3.75,3.5;
2.25,3.5;
2.25,2;
3.75,2;centro-->(3.0,2.75);

1.75,3.5;
0.75,3.5;
0.75,3.0;
1.75,3.0;centro-->(1.25,3.25);

0.25,3.5;
-0.25,3.5;
-0.25;3;
0.25,3;centro-->(0,3.25);

-0.75,3.5;
-1.5,3.5;
-1.5,3;
-0.75,3;centro-->(-1.25,3.25);

-2,3.75;
-2.5,3.75;
-2.5,3;
-2,3;centro-->(-2.25,3.375);

-3,4;
-4,4;
-4,3;
-3,3;centro-->(-3.5,3.5);

-3,2.5;
-4,2.5;
-4,1.75;
-3,1.75;centro-->(-3.5,2.125);

-2,2.5;
-2.5,2.5;
-2.5,1.75;
-2,1.75;centro-->(-2.25,2.125);

-1.25,2.5;
-1.75,2.5;
-1.75,1.75;
-1.25,1.75;centro-->(-1.5,2.125);

0.25,2.5;
-0.75,2.5;
-0.75,2;
0.25,2;centro-->(-0.25,2.25);

1.75,2.5;
0.75,2.5;
0.75,2;
1.75,2;centro-->(1.25,2.25);

2.5,1.5;
0.75,1.5;
0.75,1.125;
1.5,1.125;
1.5,1.25;
2.25,1.25;
2.25,0.5;
1.5,0.5;
1.5,0.75;
0.75,0.625;
0.75,0.25;
2.5,0.25;centro-->(1.625,0.875);:::(1.125,1.3125),(1.125,0.4375),(1.875,0.375),(1.875,1.375),(2.375,0.875);//estacionamiento

0.25,1.5;
-0.75,1.5;
-0.75,1;
0,1;
0,1.25;
0.25,1,25;centro-->(-0.375,0.125),(0.125,1.375);

-1.25,1.5;
-1.75,1.5;
-1.75,1;
-1.25,1;centro-->(-1.5,1.25);

-2,1.5;
-2.5,1.5;
-2.5,1;
-2,1;centro-->(-2.25,1.25);

-3,1.5;
-3.75,1.5;
-3.75,1;
-3,1;centro-->(-3.375,1.25);

-3,0.75;
-4,0.75;
-4,0;
-3,0;centro-->(-3.5,-.375);

-1.25,0.75;
-2.5,0.75;
-2.5,0;
-1.25,0;centro-->(-1.875,0.375);

0,0.75;
-0.75,0.75;
-0.75,0;
0.25,0;
0.25,0.5;
0,0.5;centro-->(-0.375,0.375),(0.125,0.25);

4,0.25;
3,0.25;
3,-0.25;
3.5,-0.25;
3.5,-1;
4,-1;centro-->(3.25,0),(3.75,-0.375);

2.5,-0.25;
0.75,-0.25;
0.75,-0.5;
0.5,-0.5;
0.5,-1.25;
0.75,-1.25;
0.75,-1.75;
0.5,-1.75;
0.5,-2.5;
0.75,-2.5;
0.75,-2.75;
2.5,-2.75;
2.5,-2.25;
3,-2.25;
3,-0,75;
2.5,-0.75;centro-->(1.71591,-1.5);//coliseo, aqui arreglatelas tu

0,-0.5;
-0.75,-0.5;
-0.75,-1,25;
0,-1.25;centro-->(-0.375,-0.875);

-1.25,-0.5;
-2,-0.5;
-2,-1.25;
-1.25,-1.25;centro-->(-1.625,-0.875);

-2.5,-0.5;
-3.25,-0.5;
-3.25,-1.25;
-2.5,-1.25;centro-->(-2.875,-0.875);

-3.75,-0.5;
-4,-0.5;
-4,-1.25;
-3.75,-1.25;centro-->(-3.875,-0.875);

-3.75,-1.75;
-4,-1.75;
-4,-3.75;
-3.75,-3.75;centro-->(-3.875,-2.75);

-2.5,-1.75;
-3.25,-1.75;
-3.25,-2.75;
-2.5,-2.75;centro-->(-2.875,-2.25);

0,-1.75;
-1,-1.75;
-1,-2;
-1.5,-2;
-1.5,-1.75;
-2,-1.75;
-2,-2.75;
-1,-2.75;
-1,-2.5;
0,-2.5;centro-->(-0.5,-2.125),(-1.25,-2.25),(-1.75,-2.25);

4,-1.5;
3.5,-1.5;
3.5,-2.25;
4,-2.25;centro-->(3.75,-1.875);

4,-2.75;
3,-2.75;
3,-4;
4,-4;centro-->(3.5,-3.37781);

2.5,-3.25;
1.75,-3.25;
1.75,-3.75;
2.5,-3.75;centro-->(2.125,-3.5);

1.25,-3.25;
0.75,-3.25;
0.75,-3.75;
1.25,-3.75;centro-->(1,-3.5);

0.25,-3;
-0.5,-3;
-0.5,-3.25;
-1,-3.25;
-1,-3.75;
0,-3.75;centro-->(-0.125,-3.375),(-0.75,-3.5);

-1.5,-3.25;
-2,-3.25;
-2,-3.75;
-1.5,-3.75;centro-->(-1.75,-3.5);

-2.5,-3.25;
-3.25,-3.25;
-3.25,-3.75;
-2.5,-3.75;centro-->(-2.875,-3.5);
